#هي خؤم 
1109472109473109474109475109476109477109478109479109470109470109479109478109477109476109475109474109473109472109471
1110552110553110554110555110556110557110558110559110550110550110559110558110557110556110555110554110553110552110551
1102782102783102784102785102786102787102788102789102780102780102789102788102787102786102785102784102783102782102781
1102882102883102884102885102886102887102888102889102880102880102889102888102887102886102885102884102883102882102881
1106982106983106984106985106986106987106988106989106980106980106989106988106987106986106985106984106983106982106981
1101662101663101664101665101666101667101668101669101660101660101669101668101667101666101665101664101663101662101661
1103322103323103324103325103326103327103328103329103320103320103329103328103327103326103325103324103323103322103321
1124992124993124994124995124996124997124998124999124990124990124999124998124997124996124995124994124993124992124991
1124992124993124994124995124996124997124998124999124990124990124999124998124997124996124995124994124993124992124991
1102502102503102504102505102506102507102508102509102500102500102509102508102507102506102505102504102503102502102501
1101382101383101384101385101386101387101388101389101380101380101389101388101387101386101385101384101383101382101381
1106452106453106454106455106456106457106458106459106450106450106459106458106457106456106455106454106453106452106451
